# games with an ESPN-scored row sdv-py's text rules did not type (2004-26 finals scan, 2026-10-01)
252440009
253090038
253640026
262922117
263080152
263150002
263290030
272422132
272440002
272510009
272510041
272512655
272512711
272580057
272580113
272580201
272650189
272650194
272720070
272722567
272790026
272790052
272790120
272790204
272790228
272790290
272790309
272850023
272860194
272930052
272930166
272930194
272932393
272932426
273000142
273002032
273002641
273070087
273072116
273130349
273140152
273142433
273142633
273180193
273210058
273210254
282412449
282420242
282430057
282430252
282500235
282502026
282570023
282570228
282570290
282640052
282640084
282640098
282640145
282640202
282640228
282640231
282640252
282642458
282642509
282642641
282700097
282710130
282710151
282710242
282710290
282780036
282780113
282780158
282780197
282780236
282780256
282852229
282852390
282920097
282990099
282990235
283130103
283130154
283130309
283272751
283330068
283330151
283340204
283340228
292460189
292480248
292480258
292480290
292480344
292490235
292550002
292620048
292620195
292690120
292690158
292760055
292832294
292832534
292832633
292900012
292900119
292970030
292970166
292970239
292970254
292970344
292972305
293040068
293040193
293042294
293042459
293042653
293110221
293180153
293182628
293250167
293282711
293310038
293312117
293320062
293320248
293322439
293322628
293570025
293630218
300010002
300020151
300042628
300050059
302470236
302470245
302540158
302542050
302542247
302542459
302542628
302602440
302610048
302610145
302610150
302610167
302610328
302612084
302612633
302612711
302680057
302680059
302680087
302680290
302682433
302750257
302752623
302820213
302822309
302822545
302890062
302892534
302960252
302960309
302960356
303030120
303032309
303032439
303032579
303102390
303170153
303170166
303170333
303240059
303300164
303310150
303380062
312460197
312472199
312530002
312530048
312530061
312530238
312532483
312600025
312600113
312600278
312602692
312672026
312672579
312672617
312672636
312742449
312742623
312810113
312810204
312810309
312882534
312912032
312952572
312952655
313020276
313022393
313022711
313090012
313090197
313092567
313160254
313162638
313220066
313230041
313230070
313230204
313230218
313232633
313282050
313300152
322520048
322522567
322590235
322660158
322662198
322662335
322662623
322662636
322662729
322730066
322730290
322802534
322802635
322872197
322940201
322942572
323010059
323010158
323080151
323082655
323150036
323290328
323292393
323360058
332410048
332410154
332430058
332430059
332430239
332430256
332432429
332432534
332500038
332500048
332500055
332500259
332500276
332500324
332502026
332502306
332502335
332502633
332502653
332570242
332570254
332572229
332572429
332572751
332640098
332640150
332642449
332642641
332712335
332712534
332712636
332780058
332780233
332780311
332782567
332850324
332922348
333060005
333060113
333130150
333132393
333200009
333200252
333272199
333340238
333410197
400547643
400547670
400547675
400547687
400547726
400547741
400547744
400547778
400547789
400547792
400547819
400547831
400547858
400547865
400547894
400547897
400547966
400548006
400548009
400548040
400548052
400548066
400548079
400548149
400548215
400548220
400548250
400548292
400548343
400548346
400548355
400548359
400548362
400548401
400548423
400548428
400548455
400553551
400557406
400558046
400559183
400603829
400603904
400603925
400610177
400610200
400751619
400756884
400756887
400756920
400756951
400756958
400756959
400756962
400756968
400756970
400756978
400757029
400757032
400757037
400757040
400760498
400763413
400763419
400763424
400763428
400763432
400763458
400763512
400763525
400763532
400763542
400763579
400763587
400763590
400763600
400763610
400763623
400763639
400763644
400763656
400764914
400764920
400787258
400787272
400787297
400787305
400787307
400787310
400787330
400787442
400787452
400787457
400787464
400787466
400787467
400787472
400787480
400787485
400787486
400795535
400795596
400795636
400795733
400795778
400852721
400868912
400868933
400868937
400868963
400868997
400869020
400869029
400869031
400869116
400869121
400869170
400869174
400869194
400869213
400869217
400869218
400869233
400869261
400869278
400869301
400869303
400869327
400869329
400869348
400869350
400869406
400869409
400869414
400869415
400869418
400869426
400869428
400869478
400869501
400869503
400869512
400869530
400869630
400869639
400869645
400869659
400869689
400869817
400869829
400869833
400869835
400872679
400872680
400872709
400921256
400926946
400933832
400933849
400933883
400933898
400933900
400933905
400933933
400934494
400934495
400934501
400934570
400935234
400935244
400935267
400935274
400935297
400935307
400935375
400935409
400935414
400935418
400937484
400937500
400937523
400937526
400937531
400938593
400938607
400938619
400938620
400938634
400938642
400938658
400938665
400938668
400944831
400944840
400944845
400944854
400944863
400944892
400944905
400944989
400945003
400945015
400945016
400945023
400945026
400945029
400945249
400945251
400945252
400945260
400945273
400945291
400945310
400950924
400950952
400950953
400950970
400953393
400953399
400953400
400953746
400953747
400986609
401012259
401012263
401012265
401012276
401012300
401012306
401012309
401012337
401012338
401012346
401012347
401012739
401012741
401012744
401012749
401012757
401012767
401012770
401012795
401012814
401012822
401013041
401013043
401013047
401013078
401013090
401013121
401013126
401013130
401013137
401013142
401013143
401013157
401013165
401013333
401013362
401013369
401013370
401013375
401013440
401013444
401013466
401014978
401014992
401014996
401014999
401015033
401015044
401019473
401019477
401019489
401019507
401019509
401019540
401020680
401020774
401020779
401020786
401021656
401022516
401022522
401022545
401022550
401022560
401029746
401029895
401030106
401030416
401032064
401032065
401110728
401110779
401110807
401110816
401110824
401110854
401112085
401112088
401112106
401112123
401112149
401112162
401112212
401112231
401112250
401112453
401112459
401112469
401112490
401112519
401114193
401114208
401114257
401114301
401114318
401114319
401114328
401117513
401117528
401117544
401117545
401117862
401117865
401119253
401119281
401119282
401126915
401127068
401127251
401135263
401135264
401135267
401135268
401135281
401135288
401135290
401207146
401207150
401207158
401207181
401207200
401212478
401212481
401212523
401212538
401215317
401215320
401234605
401234617
401234632
401234657
401235975
401236003
401236020
401236030
401236037
401236381
401237114
401237121
401237129
401237492
401240996
401247293
401247312
401247320
401248781
401249012
401249025
401249415
401249859
401257813
401264084
401279126
401282058
401282091
401282126
401282754
401282814
401282821
401300999
401301021
401301024
401301051
401309833
401331226
401331231
401403903
401403906
401403963
401404043
401404113
401404119
401405144
401415625
401420836
401426330
401426335
401437036
401495504
401520160
401520270
401520355
401520374
401520445
401523989
401524065
401525556
401525855
401531429
401531438
401551737
401551762
401635607
401636618
401636872
401643832
401752676
401754523
401754554
401754579
401756967
401761632
401761664
401769073
401867909
